# U-Turn Demonstration
# Street Width: 6.5m
# Total Steps: 267
# Success: Yes
# Date: 2025-03-23 23:39:25

# Initial State: 5.400000, 2.450000, 1.570796

# step, x, y, gamma, action
0, 5.400000, 2.450000, 1.570796, 66
1, 5.400000, 2.505556, 1.570796, 68
2, 5.400000, 2.561111, 1.570796, 68
3, 5.400000, 2.616667, 1.570796, 68
4, 5.400000, 2.672222, 1.588157, 131
5, 5.399036, 2.727769, 1.605519, 131
6, 5.397107, 2.783291, 1.605519, 68
7, 5.395178, 2.838814, 1.605519, 68
8, 5.393250, 2.894336, 1.605519, 68
9, 5.391321, 2.949858, 1.605519, 68
10, 5.389392, 3.005380, 1.605519, 68
11, 5.387464, 3.060902, 1.605519, 68
12, 5.385535, 3.116424, 1.605519, 68
13, 5.383607, 3.171946, 1.605519, 68
14, 5.381678, 3.227468, 1.605519, 68
15, 5.379749, 3.282990, 1.622880, 131
16, 5.376857, 3.338470, 1.622880, 68
17, 5.373965, 3.393951, 1.622880, 68
18, 5.371073, 3.449431, 1.622880, 68
19, 5.368180, 3.504911, 1.622880, 68
20, 5.365288, 3.560391, 1.622880, 68
21, 5.362396, 3.615871, 1.622880, 68
22, 5.359504, 3.671352, 1.622880, 68
23, 5.356612, 3.726832, 1.622880, 68
24, 5.353719, 3.782312, 1.622880, 68
25, 5.350827, 3.837792, 1.622880, 68
26, 5.347935, 3.893273, 1.622880, 68
27, 5.345043, 3.948753, 1.622880, 68
28, 5.342151, 4.004233, 1.622880, 68
29, 5.339258, 4.059713, 1.622880, 68
30, 5.336366, 4.115193, 1.640241, 131
31, 5.332511, 4.170615, 1.640241, 68
32, 5.328656, 4.226037, 1.640241, 68
33, 5.324801, 4.281458, 1.640241, 68
34, 5.320946, 4.336880, 1.640241, 68
35, 5.317092, 4.392302, 1.640241, 68
36, 5.313237, 4.447723, 1.640241, 68
37, 5.309382, 4.503145, 1.640241, 68
38, 5.305527, 4.558567, 1.657602, 131
39, 5.300710, 4.613913, 1.657602, 68
40, 5.295894, 4.669259, 1.657602, 68
41, 5.291077, 4.724606, 1.657602, 68
42, 5.286261, 4.779952, 1.657602, 68
43, 5.281444, 4.835298, 1.657602, 68
44, 5.276628, 4.890645, 1.657602, 68
45, 5.271811, 4.945991, 1.657602, 68
46, 5.266995, 5.001338, 1.657602, 68
47, 5.262178, 5.056684, 1.674963, 131
48, 5.256402, 5.111938, 1.692324, 131
49, 5.249667, 5.167084, 1.692324, 68
50, 5.242932, 5.222230, 1.692324, 68
51, 5.236197, 5.277376, 1.692324, 68
52, 5.229462, 5.332522, 1.692324, 68
53, 5.222727, 5.387667, 1.692324, 68
54, 5.215992, 5.442813, 1.692324, 68
55, 5.209257, 5.497959, 1.692324, 68
56, 5.202522, 5.553105, 1.692324, 68
57, 5.195787, 5.608251, 1.692324, 68
58, 5.189053, 5.663397, 1.709685, 131
59, 5.181361, 5.718417, 1.709685, 68
60, 5.173670, 5.773438, 1.709685, 68
61, 5.165979, 5.828458, 1.709685, 68
62, 5.158287, 5.883479, 1.709685, 68
63, 5.150596, 5.938499, 1.709685, 68
64, 5.142905, 5.993520, 1.709685, 68
65, 5.135214, 6.048541, 1.727046, 131
66, 5.126568, 6.103419, 1.744407, 131
67, 5.116972, 6.158140, 1.744407, 68
68, 5.107375, 6.212860, 1.744407, 68
69, 5.097778, 6.267581, 1.744407, 68
70, 5.088182, 6.322301, 1.744407, 68
71, 5.078585, 6.377021, 1.744407, 68
72, 5.068988, 6.431742, 1.744407, 68
73, 5.059392, 6.486462, 1.744407, 68
74, 5.049795, 6.541183, 1.744407, 68
75, 5.040198, 6.595903, 1.761769, 131
76, 5.029653, 6.650449, 1.779130, 131
77, 5.018162, 6.704803, 1.779130, 68
78, 5.006672, 6.759157, 1.779130, 68
79, 4.995181, 6.813511, 1.779130, 68
80, 4.983691, 6.867866, 1.779130, 68
81, 4.972200, 6.922220, 1.779130, 68
82, 4.960710, 6.976574, 1.779130, 68
83, 4.949219, 7.030929, 1.779130, 68
84, 4.937729, 7.085283, 1.796491, 131
85, 4.925296, 7.139429, 1.813852, 131
86, 4.911926, 7.193352, 1.831213, 131
87, 4.897621, 7.247034, 1.831213, 68
88, 4.883317, 7.300717, 1.831213, 68
89, 4.869012, 7.354399, 1.831213, 68
90, 4.854707, 7.408082, 1.831213, 68
91, 4.840403, 7.461764, 1.831213, 68
92, 4.826098, 7.515446, 1.831213, 68
93, 4.811793, 7.569129, 1.848574, 131
94, 4.796559, 7.622555, 1.865935, 131
95, 4.780399, 7.675708, 1.865935, 68
96, 4.764240, 7.728861, 1.865935, 68
97, 4.748080, 7.782015, 1.865935, 68
98, 4.731921, 7.835168, 1.865935, 68
99, 4.715761, 7.888322, 1.865935, 68
100, 4.699602, 7.941475, 1.883296, 131
101, 4.682522, 7.994340, 1.900657, 131
102, 4.664527, 8.046901, 1.918019, 131
103, 4.645622, 8.099141, 1.918019, 68
104, 4.626717, 8.151381, 1.918019, 68
105, 4.607812, 8.203621, 1.918019, 68
106, 4.588907, 8.255861, 1.935380, 131
107, 4.569098, 8.307765, 1.952741, 131
108, 4.548391, 8.359317, 1.970102, 131
109, 4.526792, 8.410502, 1.987463, 131
110, 4.504308, 8.461305, 1.987463, 68
111, 4.481824, 8.512107, 1.987463, 68
112, 4.459340, 8.562909, 2.004824, 131
113, 4.435977, 8.613314, 2.022185, 131
114, 4.411743, 8.663305, 2.039546, 131
115, 4.386645, 8.712868, 2.056907, 131
116, 4.360690, 8.761988, 2.074269, 131
117, 4.333886, 8.810650, 2.091630, 131
118, 4.306241, 8.858839, 2.108991, 131
119, 4.277764, 8.906541, 2.126352, 131
120, 4.248463, 8.953741, 2.143713, 131
121, 4.218347, 9.000426, 2.161074, 131
122, 4.187426, 9.046581, 2.178435, 131
123, 4.155707, 9.092192, 2.195796, 131
124, 4.123202, 9.137245, 2.213157, 131
125, 4.089919, 9.181728, 2.230519, 131
126, 4.055869, 9.225626, 2.247880, 131
127, 4.021063, 9.268926, 2.265241, 131
128, 3.985509, 9.311615, 2.282602, 131
129, 3.949220, 9.353681, 2.299963, 131
130, 3.912207, 9.395110, 2.317324, 131
131, 3.874479, 9.435891, 2.334685, 131
132, 3.836049, 9.476010, 2.352046, 131
133, 3.796929, 9.515457, 2.369407, 131
134, 3.757130, 9.554218, 2.386769, 131
135, 3.716663, 9.592282, 2.404130, 131
136, 3.675542, 9.629639, 2.421491, 131
137, 3.633779, 9.666275, 2.438852, 131
138, 3.591386, 9.702182, 2.456213, 131
139, 3.548376, 9.737346, 2.473574, 131
140, 3.504762, 9.771759, 2.490935, 131
141, 3.460558, 9.805410, 2.508296, 131
142, 3.415775, 9.838288, 2.525657, 131
143, 3.370429, 9.870384, 2.543019, 131
144, 3.324532, 9.901687, 2.560380, 131
145, 3.278099, 9.932189, 2.577741, 131
146, 3.231143, 9.961881, 2.595102, 131
147, 3.183679, 9.990753, 2.612463, 131
148, 3.135721, 10.018796, 2.629824, 131
149, 3.087283, 10.046003, 2.647185, 131
150, 3.038381, 10.072364, 2.664546, 131
151, 2.989028, 10.097873, 2.681907, 131
152, 2.939239, 10.122521, 2.699269, 131
153, 2.889030, 10.146301, 2.716630, 131
154, 2.838416, 10.169206, 2.733991, 131
155, 2.787412, 10.191229, 2.751352, 131
156, 2.736033, 10.212363, 2.768713, 131
157, 2.684295, 10.232602, 2.786074, 131
158, 2.632214, 10.251939, 2.803435, 131
159, 2.684623, 10.233509, 2.820796, 66
160, 2.737345, 10.215991, 2.838157, 1
161, 2.790362, 10.199391, 2.855519, 1
162, 2.843660, 10.183714, 2.872880, 1
163, 2.897222, 10.168964, 2.890241, 1
164, 2.951032, 10.155147, 2.907602, 1
165, 3.005073, 10.142266, 2.924963, 1
166, 3.059330, 10.130324, 2.942324, 1
167, 3.113787, 10.119327, 2.959685, 1
168, 3.168425, 10.109277, 2.977046, 1
169, 3.223231, 10.100177, 2.994407, 1
170, 3.278185, 10.092029, 3.011769, 1
171, 3.333273, 10.084837, 3.029130, 1
172, 3.388478, 10.078602, 3.046491, 1
173, 3.443783, 10.073327, 3.063852, 1
174, 3.499170, 10.069012, 3.081213, 1
175, 3.554625, 10.065660, 3.098574, 1
176, 3.610129, 10.063270, 3.115935, 1
177, 3.665666, 10.061845, 3.133296, 1
178, 3.721220, 10.061384, 3.150657, 1
179, 3.776773, 10.061888, 3.168019, 1
180, 3.832309, 10.063356, 3.185380, 1
181, 3.776807, 10.060924, 3.202741, 1
182, 3.721355, 10.057529, 3.220102, 66
183, 3.665971, 10.053172, 3.237463, 66
184, 3.610670, 10.047854, 3.254824, 66
185, 3.555471, 10.041577, 3.272185, 66
186, 3.500388, 10.034342, 3.289546, 66
187, 3.445439, 10.026152, 3.306907, 66
188, 3.390641, 10.017010, 3.324269, 66
189, 3.336010, 10.006918, 3.341630, 131
190, 3.281562, 9.995879, 3.358991, 131
191, 3.227314, 9.983896, 3.376352, 131
192, 3.173283, 9.970973, 3.393713, 131
193, 3.119484, 9.957114, 3.411074, 131
194, 3.065933, 9.942324, 3.428435, 131
195, 3.012647, 9.926606, 3.445796, 131
196, 2.959643, 9.909965, 3.463157, 131
197, 2.906935, 9.892406, 3.480519, 131
198, 2.854540, 9.873936, 3.497880, 131
199, 2.802473, 9.854558, 3.515241, 131
200, 2.750751, 9.834279, 3.532602, 131
201, 2.699388, 9.813106, 3.549963, 131
202, 2.750375, 9.835168, 3.567324, 131
203, 2.800972, 9.858112, 3.584685, 131
204, 2.851162, 9.881930, 3.602046, 131
205, 2.900932, 9.906617, 3.619407, 131
206, 2.950265, 9.932163, 3.636769, 131
207, 2.999148, 9.958563, 3.654130, 131
208, 3.047565, 9.985806, 3.671491, 131
209, 3.095501, 10.013887, 3.688852, 131
210, 3.142943, 10.042795, 3.706213, 66
211, 3.189876, 10.072522, 3.723574, 66
212, 3.236286, 10.103060, 3.740935, 1
213, 3.190413, 10.071721, 3.758296, 1
214, 3.145092, 10.039591, 3.775657, 1
215, 3.100335, 10.006678, 3.793019, 1
216, 3.056156, 9.972994, 3.810380, 1
217, 3.012568, 9.938548, 3.827741, 1
218, 2.969585, 9.903350, 3.845102, 1
219, 2.927220, 9.867411, 3.862463, 1
220, 2.885485, 9.830742, 3.879824, 1
221, 2.844393, 9.793354, 3.897185, 1
222, 2.803956, 9.755259, 3.914546, 1
223, 2.764186, 9.716467, 3.931907, 3
224, 2.725096, 9.676991, 3.949269, 66
225, 2.686697, 9.636841, 3.966630, 66
226, 2.649001, 9.596032, 3.983991, 131
227, 2.612019, 9.554574, 4.001352, 131
228, 2.575762, 9.512480, 4.018713, 131
229, 2.540242, 9.469764, 4.036074, 131
230, 2.505469, 9.426437, 4.053435, 131
231, 2.471452, 9.382513, 4.070796, 131
232, 2.438204, 9.338005, 4.088157, 131
233, 2.405733, 9.292926, 4.105519, 131
234, 2.374050, 9.247291, 4.122880, 131
235, 2.343164, 9.201112, 4.140241, 131
236, 2.313084, 9.154405, 4.157602, 131
237, 2.283819, 9.107182, 4.174963, 131
238, 2.255379, 9.059458, 4.192324, 131
239, 2.227771, 9.011247, 4.209685, 131
240, 2.201005, 8.962565, 4.227046, 131
241, 2.175087, 8.913425, 4.244407, 131
242, 2.150027, 8.863843, 4.261769, 131
243, 2.125831, 8.813833, 4.279130, 131
244, 2.102507, 8.763411, 4.296491, 131
245, 2.080062, 8.712591, 4.313852, 131
246, 2.058503, 8.661390, 4.331213, 131
247, 2.037835, 8.609821, 4.348574, 131
248, 2.018066, 8.557902, 4.365935, 131
249, 1.999202, 8.505647, 4.383296, 131
250, 1.981247, 8.453073, 4.400657, 131
251, 1.964208, 8.400195, 4.418019, 131
252, 1.948089, 8.347029, 4.435380, 131
253, 1.932896, 8.293592, 4.452741, 131
