# U-Turn Demonstration
# Street Width: 6.5m
# Total Steps: 284
# Success: Yes
# Date: 2025-03-23 21:30:20

# Initial State: 5.400000, 2.450000, 1.570796

# step, x, y, gamma, action
0, 5.400000, 2.450000, 1.570796, 66
1, 5.400000, 2.505556, 1.570796, 68
2, 5.400000, 2.561111, 1.570796, 68
3, 5.400000, 2.616667, 1.570796, 68
4, 5.400000, 2.672222, 1.570796, 68
5, 5.400000, 2.727778, 1.570796, 68
6, 5.400000, 2.783333, 1.570796, 68
7, 5.400000, 2.838889, 1.570796, 68
8, 5.400000, 2.894444, 1.588157, 131
9, 5.399036, 2.949992, 1.588157, 68
10, 5.398071, 3.005539, 1.588157, 68
11, 5.397107, 3.061086, 1.588157, 68
12, 5.396142, 3.116633, 1.588157, 68
13, 5.395178, 3.172180, 1.588157, 68
14, 5.394213, 3.227728, 1.588157, 68
15, 5.393249, 3.283275, 1.588157, 68
16, 5.392284, 3.338822, 1.588157, 68
17, 5.391320, 3.394369, 1.588157, 68
18, 5.390355, 3.449916, 1.588157, 68
19, 5.389391, 3.505463, 1.588157, 68
20, 5.388427, 3.561011, 1.588157, 68
21, 5.387462, 3.616558, 1.588157, 68
22, 5.386498, 3.672105, 1.588157, 68
23, 5.385533, 3.727652, 1.588157, 68
24, 5.384569, 3.783199, 1.588157, 68
25, 5.383604, 3.838747, 1.588157, 68
26, 5.382640, 3.894294, 1.588157, 68
27, 5.381675, 3.949841, 1.588157, 68
28, 5.380711, 4.005388, 1.588157, 68
29, 5.379746, 4.060935, 1.588157, 68
30, 5.378782, 4.116482, 1.605519, 131
31, 5.376853, 4.172005, 1.605519, 68
32, 5.374925, 4.227527, 1.605519, 68
33, 5.372996, 4.283049, 1.605519, 68
34, 5.371067, 4.338571, 1.605519, 68
35, 5.369139, 4.394093, 1.605519, 68
36, 5.367210, 4.449615, 1.605519, 68
37, 5.365282, 4.505137, 1.605519, 68
38, 5.363353, 4.560659, 1.605519, 68
39, 5.361424, 4.616181, 1.605519, 68
40, 5.359496, 4.671703, 1.622880, 131
41, 5.356603, 4.727183, 1.622880, 68
42, 5.353711, 4.782664, 1.622880, 68
43, 5.350819, 4.838144, 1.622880, 68
44, 5.347927, 4.893624, 1.622880, 68
45, 5.345035, 4.949104, 1.622880, 68
46, 5.342142, 5.004584, 1.622880, 68
47, 5.339250, 5.060065, 1.622880, 68
48, 5.336358, 5.115545, 1.622880, 68
49, 5.333466, 5.171025, 1.640241, 131
50, 5.329611, 5.226447, 1.640241, 68
51, 5.325756, 5.281868, 1.640241, 68
52, 5.321901, 5.337290, 1.640241, 68
53, 5.318046, 5.392712, 1.640241, 68
54, 5.314191, 5.448133, 1.640241, 68
55, 5.310336, 5.503555, 1.640241, 68
56, 5.306481, 5.558977, 1.640241, 68
57, 5.302626, 5.614398, 1.640241, 68
58, 5.298771, 5.669820, 1.640241, 68
59, 5.294917, 5.725242, 1.640241, 68
60, 5.291062, 5.780663, 1.640241, 68
61, 5.287207, 5.836085, 1.640241, 68
62, 5.283352, 5.891507, 1.640241, 68
63, 5.279497, 5.946928, 1.640241, 68
64, 5.275642, 6.002350, 1.640241, 68
65, 5.271787, 6.057772, 1.640241, 68
66, 5.267932, 6.113193, 1.657602, 131
67, 5.263116, 6.168540, 1.674963, 131
68, 5.257339, 6.223794, 1.674963, 68
69, 5.251562, 6.279048, 1.674963, 68
70, 5.245786, 6.334303, 1.674963, 68
71, 5.240009, 6.389557, 1.674963, 68
72, 5.234233, 6.444812, 1.674963, 68
73, 5.228456, 6.500066, 1.674963, 68
74, 5.222680, 6.555321, 1.674963, 68
75, 5.216903, 6.610575, 1.674963, 68
76, 5.211126, 6.665829, 1.674963, 68
77, 5.205350, 6.721084, 1.674963, 68
78, 5.199573, 6.776338, 1.674963, 68
79, 5.193797, 6.831593, 1.674963, 68
80, 5.188020, 6.886847, 1.674963, 68
81, 5.182244, 6.942101, 1.674963, 68
82, 5.176467, 6.997356, 1.692324, 131
83, 5.169732, 7.052502, 1.692324, 68
84, 5.162997, 7.107648, 1.692324, 68
85, 5.156262, 7.162793, 1.692324, 68
86, 5.149527, 7.217939, 1.692324, 68
87, 5.142792, 7.273085, 1.692324, 68
88, 5.136057, 7.328231, 1.709685, 131
89, 5.128366, 7.383251, 1.709685, 68
90, 5.120675, 7.438272, 1.709685, 68
91, 5.112984, 7.493292, 1.709685, 68
92, 5.105292, 7.548313, 1.709685, 68
93, 5.097601, 7.603334, 1.709685, 68
94, 5.089910, 7.658354, 1.727046, 131
95, 5.081264, 7.713233, 1.727046, 68
96, 5.072619, 7.768112, 1.727046, 68
97, 5.063974, 7.822991, 1.727046, 68
98, 5.055329, 7.877869, 1.727046, 68
99, 5.046683, 7.932748, 1.727046, 68
100, 5.038038, 7.987627, 1.744407, 131
101, 5.028441, 8.042347, 1.744407, 68
102, 5.018845, 8.097068, 1.744407, 68
103, 5.009248, 8.151788, 1.744407, 68
104, 4.999651, 8.206508, 1.744407, 68
105, 4.990055, 8.261229, 1.761769, 131
106, 4.979509, 8.315774, 1.779130, 131
107, 4.968019, 8.370129, 1.779130, 68
108, 4.956528, 8.424483, 1.779130, 68
109, 4.945038, 8.478837, 1.779130, 68
110, 4.933547, 8.533192, 1.779130, 68
111, 4.922057, 8.587546, 1.796491, 131
112, 4.909624, 8.641692, 1.813852, 131
113, 4.896254, 8.695615, 1.813852, 68
114, 4.882883, 8.749538, 1.813852, 68
115, 4.869513, 8.803460, 1.813852, 68
116, 4.856142, 8.857383, 1.813852, 68
117, 4.842772, 8.911306, 1.831213, 131
118, 4.828467, 8.964988, 1.848574, 131
119, 4.813233, 9.018414, 1.848574, 68
120, 4.797998, 9.071840, 1.848574, 68
121, 4.782764, 9.125266, 1.865935, 131
122, 4.766604, 9.178419, 1.883296, 131
123, 4.749524, 9.231284, 1.900657, 131
124, 4.731529, 9.283844, 1.918019, 131
125, 4.712624, 9.336085, 1.918019, 68
126, 4.693720, 9.388325, 1.918019, 68
127, 4.674815, 9.440565, 1.918019, 68
128, 4.655910, 9.492805, 1.935380, 131
129, 4.636101, 9.544709, 1.952741, 131
130, 4.615394, 9.596261, 1.970102, 131
131, 4.593795, 9.647446, 1.970102, 68
132, 4.572196, 9.698631, 1.970102, 68
133, 4.550598, 9.749816, 1.987463, 131
134, 4.528114, 9.800619, 2.004824, 131
135, 4.504751, 9.851023, 2.022185, 131
136, 4.480517, 9.901014, 2.039546, 131
137, 4.455418, 9.950577, 2.056907, 131
138, 4.429463, 9.999697, 2.074269, 131
139, 4.402659, 10.048359, 2.074269, 68
140, 4.375855, 10.097021, 2.074269, 68
141, 4.349051, 10.145683, 2.091630, 131
142, 4.321407, 10.193872, 2.108991, 131
143, 4.292930, 10.241574, 2.126352, 131
144, 4.263629, 10.288774, 2.143713, 131
145, 4.233513, 10.335459, 2.161074, 131
146, 4.202591, 10.381614, 2.178435, 131
147, 4.170873, 10.427225, 2.195796, 131
148, 4.138368, 10.472278, 2.213157, 131
149, 4.105085, 10.516761, 2.230519, 131
150, 4.071035, 10.560658, 2.247880, 131
151, 4.036228, 10.603959, 2.265241, 131
152, 4.000675, 10.646648, 2.282602, 131
153, 3.964386, 10.688714, 2.299963, 131
154, 3.927372, 10.730143, 2.317324, 131
155, 3.889645, 10.770924, 2.334685, 131
156, 3.851215, 10.811043, 2.352046, 131
157, 3.812095, 10.850490, 2.369407, 131
158, 3.772295, 10.889251, 2.386769, 131
159, 3.731829, 10.927315, 2.404130, 131
160, 3.690708, 10.964672, 2.421491, 131
161, 3.648945, 11.001308, 2.438852, 131
162, 3.606552, 11.037215, 2.456213, 131
163, 3.563542, 11.072379, 2.473574, 131
164, 3.519928, 11.106792, 2.490935, 131
165, 3.475723, 11.140443, 2.508296, 131
166, 3.430941, 11.173321, 2.525657, 131
167, 3.385595, 11.205417, 2.543019, 131
168, 3.339698, 11.236720, 2.560380, 131
169, 3.293265, 11.267222, 2.577741, 131
170, 3.246309, 11.296914, 2.595102, 131
171, 3.198845, 11.325786, 2.612463, 131
172, 3.150887, 11.353829, 2.629824, 131
173, 3.102449, 11.381036, 2.647185, 131
174, 3.053546, 11.407397, 2.664546, 131
175, 3.004193, 11.432906, 2.681907, 131
176, 2.954405, 11.457554, 2.699269, 131
177, 2.904196, 11.481334, 2.716630, 131
178, 2.853582, 11.504239, 2.733991, 131
179, 2.802578, 11.526262, 2.751352, 131
180, 2.751199, 11.547396, 2.768713, 131
181, 2.699461, 11.567635, 2.786074, 131
182, 2.751543, 11.548297, 2.803435, 66
183, 2.803952, 11.529866, 2.820796, 1
184, 2.856673, 11.512349, 2.838157, 1
185, 2.909691, 11.495749, 2.855519, 1
186, 2.962989, 11.480071, 2.872880, 1
187, 3.016550, 11.465322, 2.890241, 1
188, 3.070360, 11.451505, 2.907602, 1
189, 3.124402, 11.438623, 2.924963, 1
190, 3.178659, 11.426682, 2.942324, 1
191, 3.233115, 11.415685, 2.959685, 1
192, 3.287754, 11.405635, 2.977046, 1
193, 3.342559, 11.396534, 2.994407, 1
194, 3.397514, 11.388387, 3.011769, 1
195, 3.452602, 11.381195, 3.029130, 1
196, 3.507807, 11.374960, 3.046491, 1
197, 3.563111, 11.369684, 3.063852, 1
198, 3.618499, 11.365370, 3.081213, 1
199, 3.673953, 11.362017, 3.098574, 1
200, 3.729457, 11.359628, 3.115935, 1
201, 3.784995, 11.358203, 3.133296, 1
202, 3.840548, 11.357742, 3.150657, 1
203, 3.784995, 11.357238, 3.168019, 1
204, 3.729459, 11.355771, 3.185380, 66
205, 3.673957, 11.353339, 3.202741, 66
206, 3.618505, 11.349944, 3.220102, 131
207, 3.563120, 11.345587, 3.237463, 131
208, 3.507820, 11.340269, 3.254824, 131
209, 3.452620, 11.333991, 3.272185, 131
210, 3.397538, 11.326757, 3.289546, 131
211, 3.342589, 11.318567, 3.306907, 131
212, 3.287791, 11.309425, 3.324269, 131
213, 3.233160, 11.299332, 3.341630, 131
214, 3.178712, 11.288293, 3.358991, 131
215, 3.124464, 11.276310, 3.376352, 131
216, 3.070433, 11.263388, 3.393713, 131
217, 3.016633, 11.249529, 3.411074, 131
218, 2.963083, 11.234738, 3.428435, 131
219, 2.909797, 11.219020, 3.445796, 131
220, 2.856792, 11.202380, 3.463157, 131
221, 2.804085, 11.184821, 3.480519, 131
222, 2.751689, 11.166350, 3.497880, 131
223, 2.803756, 11.185728, 3.497880, 131
224, 2.855823, 11.205106, 3.515241, 131
225, 2.907545, 11.225384, 3.532602, 131
226, 2.958907, 11.246558, 3.549963, 66
227, 3.009895, 11.268619, 3.567324, 64
228, 3.060491, 11.291563, 3.584685, 1
229, 3.110682, 11.315382, 3.602046, 1
230, 3.160451, 11.340068, 3.619407, 1
231, 3.209785, 11.365615, 3.636769, 1
232, 3.258667, 11.392014, 3.654130, 1
233, 3.210250, 11.364770, 3.671491, 1
234, 3.162314, 11.336690, 3.688852, 1
235, 3.114872, 11.307782, 3.706213, 1
236, 3.067939, 11.278054, 3.723574, 1
237, 3.021529, 11.247516, 3.740935, 66
238, 2.975657, 11.216177, 3.758296, 131
239, 2.930335, 11.184047, 3.775657, 131
240, 2.885578, 11.151134, 3.793019, 131
241, 2.841399, 11.117450, 3.810380, 131
242, 2.797812, 11.083004, 3.827741, 131
243, 2.754829, 11.047806, 3.845102, 131
244, 2.712463, 11.011867, 3.862463, 131
245, 2.670728, 10.975198, 3.879824, 131
246, 2.629636, 10.937810, 3.897185, 131
247, 2.589199, 10.899715, 3.914546, 131
248, 2.549429, 10.860923, 3.931907, 131
249, 2.510339, 10.821447, 3.949269, 131
250, 2.471940, 10.781298, 3.966630, 131
251, 2.434244, 10.740488, 3.983991, 131
252, 2.397262, 10.699030, 4.001352, 131
253, 2.361006, 10.656936, 4.018713, 131
254, 2.325485, 10.614220, 4.036074, 131
255, 2.290712, 10.570893, 4.053435, 131
256, 2.256696, 10.526969, 4.070796, 131
257, 2.223447, 10.482461, 4.088157, 131
258, 2.190976, 10.437382, 4.105519, 131
259, 2.159293, 10.391747, 4.122880, 131
260, 2.128407, 10.345568, 4.140241, 131
261, 2.098327, 10.298861, 4.157602, 131
262, 2.069062, 10.251638, 4.174963, 131
263, 2.040622, 10.203914, 4.192324, 131
264, 2.013014, 10.155703, 4.209685, 131
265, 1.986248, 10.107021, 4.227046, 131
266, 1.960331, 10.057881, 4.244407, 131
267, 1.935270, 10.008299, 4.261769, 131
268, 1.911075, 9.958289, 4.279130, 131
269, 1.887751, 9.907867, 4.296491, 131
270, 1.865305, 9.857047, 4.313852, 131
271, 1.843746, 9.805846, 4.331213, 131
272, 1.823079, 9.754277, 4.348574, 131
273, 1.803310, 9.702358, 4.365935, 131
274, 1.784445, 9.650104, 4.383296, 131
275, 1.766490, 9.597529, 4.400657, 131
276, 1.749451, 9.544651, 4.418019, 131
277, 1.733332, 9.491485, 4.435380, 131
278, 1.718139, 9.438048, 4.452741, 131
